version https://git-lfs.github.com/spec/v1
oid sha256:b834a832dd636210d314e33d458aebf9793cf88c0a443c082019cfb23d087a4a
size 19777664
